proto/tests/data/igsg0010.16i
     1.0            IONOSPHERE MAPS     MIX                 IONEX VERSION / TYPE
cmpcmb v1.2          GRL/UWM            16-jan-16 06:06     PGM / RUN BY / DATE 
ionex file containing IGS COMBINED Ionosphere maps          COMMENT             
global ionosphere maps for day 001, 2016                    DESCRIPTION         
IONEX file containing the COMBINED IGS TEC MAPS and DCBs    DESCRIPTION         
      IONEX files of the following IAACs were combined: cod DESCRIPTION         
                                                        esa DESCRIPTION         
                                                        jpl DESCRIPTION         
Contact address: Andrzej Krankowski                         DESCRIPTION
                 Geodynamics Research Laboratory            DESCRIPTION
                 University of Warmia and Mazury (GRL/UWM)  DESCRIPTION
                 Oczapowski St. 1                           DESCRIPTION
                 10-957-Olsztyn, POLAND                     DESCRIPTION
                 e-mail:  kand@uwm.edu.pl                   DESCRIPTION
                                                            DESCRIPTION         
  2016     1     1     0     0     0                        EPOCH OF FIRST MAP  
  2016     1     2     0     0     0                        EPOCH OF LAST MAP   
  7200                                                      INTERVAL            
    13                                                      # OF MAPS IN FILE   
  COSZ                                                      MAPPING FUNCTION    
     0.0                                                    ELEVATION CUTOFF    
combined TEC calculated as weighted mean of input TEC valuesOBSERVABLES USED    
   346                                                      # OF STATIONS       
    31                                                      # OF SATELLITES     
  6371.0                                                    BASE RADIUS         
     2                                                      MAP DIMENSION       
   450.0 450.0   0.0                                        HGT1 / HGT2 / DHGT  
    87.5 -87.5  -2.5                                        LAT1 / LAT2 / DLAT  
  -180.0 180.0   5.0                                        LON1 / LON2 / DLON  
    -1                                                      EXPONENT            
TEC values in 0.1 tec units;  9999, if no value available   COMMENT             
DCB values in nanoseconds, reference is Sum_of_SatDCBs = 0  COMMENT             
                                                            END OF HEADER       
[from data line 858]
     3                                                      START OF TEC MAP    
  2016     1     1     4     0     0                        EPOCH OF CURRENT MAP
    87.5-180.0 180.0   5.0 450.0                            LAT/LON1/LON2/DLON/H
   23   23   23   23   23   23   23   23   23   23   23   24   23   23   23   23
   23   23   23   23   23   22   22   22   22   22   21   21   21   21   20   20
   20   20   20   20   20   20   20   20   20   20   20   21   21   21   22   22
   22   22   22   23   23   23   23   24   24   24   24   24   24   24   24   24
   24   24   23   23   23   23   23   23   23
    85.0-180.0 180.0   5.0 450.0                            LAT/LON1/LON2/DLON/H
   23   23   23   23   24   24   24   25   25   26   27   27   27   28   28   28
   28   28   28   27   27   26   25   24   24   23   22   21   20   20   19   19
   19   19   19   19   19   19   20   20   20   21   21   22   22   23   23   24
   24   25   25   26   26   27   27   28   28   28   28   28   28   28   28   27
   27   27   26   26   25   25   24   23   23
    82.5-180.0 180.0   5.0 450.0                            LAT/LON1/LON2/DLON/H
   24   23   23   23   24   25   25   27   28   30   31   32   33   34   35   35
   35   35   34   33   32   30   29   28   26   24   23   22   21   20   19   19
   19   19   19   20   20   21   22   22   23   24   24   25   26   26   27   27
   28   28   29   29   30   30   31   32   32   33   33   34   34   34   33   33
   32   31   30   28   27   26   25   24   24
    80.0-180.0 180.0   5.0 450.0                            LAT/LON1/LON2/DLON/H
   25   25   24   25   26   27   29   31   33   35   37   39   41   42   42   42
   42   41   40   38   37   35   32   30   28   26   24   22   21   20   20   20
   20   20   21   22   23   24   25   26   28   28   29   30   30   31   30   30
   31   31   31   32   32   33   34   35   36   37   38   39   39   40   40   39
   38   37   35   34   32   30   28   27   25
    77.5-180.0 180.0   5.0 450.0                            LAT/LON1/LON2/DLON/H
   30   28   28   28   29   30   32   35   37   40   43   45   47   48   48   48
   47   46   44   42   39   37   33   30   28   26   24   23   22   21   22   22
   23   23   25   26   28   29   30   32   33   34   34   35   34   34   34   34
   33   32   32   33   33   34   35   37   38   40   42   43   44   45   46   46
   45   44   42   40   38   35   33   31   30
    75.0-180.0 180.0   5.0 450.0                            LAT/LON1/LON2/DLON/H
   37   35   34   34   34   35   38   39   42   45   47   49   50   51   51   50
   49   47   44   41   38   35   32   29   27   25   24   23   24   24   25   26
   28   29   30   32   33   35   36   38   38   39   39   39   38   37   36   34
   33   33   32   32   32   33   35   37   38   41   43   46   48   50   52   52
   52   52   51   49   47   44   41   39   37
    72.5-180.0 180.0   5.0 450.0                            LAT/LON1/LON2/DLON/H
   46   44   42   41   41   41   42   44   46   47   49   51   52   52   51   49
   47   44   41   38   35   31   29   27   25   24   24   25   26   28   30   33
   35   37   38   40   41   41   42   42   42   42   41   41   40   38   36   34
   33   32   31   31   31   33   34   36   39   42   45   48   51   54   56   58
   59   60   59   57   56   53   51   48   46
    70.0-180.0 180.0   5.0 450.0                            LAT/LON1/LON2/DLON/H
   55   53   50   49   47   47   46   47   48   49   50   50   50   50   48   45
   43   40   37   34   31   28   27   25   24   25   26   28   31   34   37   40
   43   45   47   47   47   47   46   45   44   44   43   41   39   38   36   34
   32   31   31   31   32   34   35   38   40   43   46   50   53   56   60   62
   64   66   66   65   64   62   60   58   55
    67.5-180.0 180.0   5.0 450.0                            LAT/LON1/LON2/DLON/H
   62   60   58   55   52   51   49   48   48   48   48   48   48   47   45   42
   40   37   34   31   29   28   27   26   26   27   29   33   37   40   44   48
   50   53   53   53   51   49   47   45   44   43   41   40   39   37   35   33
   32   32   32   34   36   38   40   43   45   48   50   53   57   60   63   66
   68   70   70   70   69   68   66   64   62
    65.0-180.0 180.0   5.0 450.0                            LAT/LON1/LON2/DLON/H
   68   66   63   60   57   54   51   48   47   47   46   46   45   44   43   41
   39   36   34   32   31   30   30   30   31   32   35   38   42   46   50   53
   56   57   56   54   51   48   45   43   41   40   39   38   37   36   35   34
   34   35   37   40   43   46   49   51   53   55   57   59   61   64   67   69
   71   72   72   72   72   70   70   69   68
    62.5-180.0 180.0   5.0 450.0                            LAT/LON1/LON2/DLON/H
   71   70   68   64   60   55   51   48   45   44   44   43   43   43   42   41
   41   39   37   37   36   37   37   37   38   39   41   43   47   50   53   56
   57   56   55   52   48   44   40   38   37   36   36   36   36   36   36   36
   38   40   44   48   53   58   61   64   65   66   67   67   69   70   72   73
   74   74   73   72   71   71   70   71   71
    60.0-180.0 180.0   5.0 450.0                            LAT/LON1/LON2/DLON/H
   74   75   73   69   63   57   51   46   43   41   41   41   41   43   44   44
   44   44   43   43   44   44   45   46   45   46   46   48   49   51   53   54
   54   52   49   46   41   37   34   33   32   33   34   35   35   36   37   39
   43   47   53   59   66   72   76   79   80   80   80   79   79   79   80   80
   79   77   74   72   70   70   71   73   74
    57.5-180.0 180.0   5.0 450.0                            LAT/LON1/LON2/DLON/H
   79   81   80   75   68   60   52   46   42   40   39   40   40   43   45   47
   48   49   49   49   50   50   51   52   52   51   50   49   49   49   48   48
   47   45   42   38   34   31   29   28   29   30   32   34   35   37   39   43
   49   56   63   72   80   87   93   96   96   96   94   93   92   92   91   89
   86   83   79   75   73   72   73   76   79
    55.0-180.0 180.0   5.0 450.0                            LAT/LON1/LON2/DLON/H
   89   91   91   85   76   65   56   48   43   40   39   39   40   43   46   48
   51   51   51   51   51   52   53   54   54   52   50   48   46   45   43   41
   40   37   35   31   29   26   25   25   28   29   32   34   36   39   42   48
   55   65   74   84   95  103  109  113  114  113  112  110  109  108  105  102
   97   92   87   83   79   79   81   85   89
    52.5-180.0 180.0   5.0 450.0                            LAT/LON1/LON2/DLON/H
  103  106  105   98   87   74   62   53   47   44   41   40   40   41   44   47
   49   50   49   48   47   48   50   51   51   50   47   45   42   40   37   35
   33   32   29   28   26   26   25   26   28   31   33   35   37   40   45   53
   63   74   85   97  108  118  125  129  131  130  129  128  127  126  122  117
  111  106  100   96   93   92   95   99  103
    50.0-180.0 180.0   5.0 450.0                            LAT/LON1/LON2/DLON/H
  123  125  122  114  100   85   71   61   55   50   46   42   40   40   41   44
   46   45   44   41   40   41   42   45   45   45   43   41   38   36   33   31
   30   29   28   29   29   29   29   30   32   34   36   37   38   42   49   59
   71   84   97  110  123  134  141  146  147  147  147  147  146  144  139  133
  127  121  117  114  113  113  116  119  123
    47.5-180.0 180.0   5.0 450.0                            LAT/LON1/LON2/DLON/H
  146  145  140  129  114   97   82   72   66   60   54   48   43   39   39   40
   41   41   38   35   33   33   35   38   40   40   40   38   36   34   32   31
   30   31   32   33   35   35   35   36   37   38   39   39   41   45   54   67
   81   95  110  124  137  148  157  162  164  164  165  166  165  161  155  147
  141  137  136  136  137  139  141  143  146
    45.0-180.0 180.0   5.0 450.0                            LAT/LON1/LON2/DLON/H
  168  165  157  143  125  107   92   83   77   71   65   57   49   42   39   39
   39   39   36   32   29   29   31   34   36   38   38   38   36   36   35   34
   34   36   38   40   42   42   43   43   42   42   42   42   44   50   61   76
   93  109  125  139  153  164  173  178  180  182  182  183  181  176  168  159
  153  152  154  158  163  166  168  169  168
    42.5-180.0 180.0   5.0 450.0                            LAT/LON1/LON2/DLON/H
  189  183  171  154  134  115  101   92   87   84   77   69   58   49   43   42
   42   42   41   37   34   32   33   35   38   39   40   40   40   40   39   39
   40   41   44   47   49   50   49   49   48   47   46   46   48   56   69   86
  106  124  140  155  169  181  189  194  197  198  198  198  195  188  178  168
  162  164  170  180  188  193  194  193  189
    40.0-180.0 180.0   5.0 450.0                            LAT/LON1/LON2/DLON/H
  207  198  182  162  141  121  107   99   95   94   90   83   72   61   54   51
   51   53   53   50   46   44   43   44   45   44   44   44   45   45   44   44
   44   46   48   52   54   55   55   54   52   51   50   50   54   63   79   99
  120  139  156  171  184  195  204  210  212  214  214  212  207  198  186  175
  170  174  185  199  211  217  218  214  207
    37.5-180.0 180.0   5.0 450.0                            LAT/LON1/LON2/DLON/H
  225  211  193  170  146  125  110  102  100  101  101   97   89   78   69   65
   66   69   70   69   65   61   58   56   55   53   51   50   50   49   48   47
   46   47   50   54   56   58   57   57   56   55   54   56   61   72   89  111
  133  153  170  184  197  208  218  224  227  229  229  226  219  208  194  183
  179  186  200  217  232  239  239  233  225
    35.0-180.0 180.0   5.0 450.0                            LAT/LON1/LON2/DLON/H
  242  227  206  180  154  130  112  102  100  103  108  110  105   96   87   82
   83   87   90   89   84   79   74   71   67   62   58   55   54   52   50   47
   46   46   49   52   55   57   58   58   58   58   59   62   69   81  100  122
  144  164  180  194  206  217  228  236  241  243  243  240  232  220  206  196
  194  202  219  238  254  261  260  253  242
    32.5-180.0 180.0   5.0 450.0                            LAT/LON1/LON2/DLON/H
  264  248  226  197  166  138  117  103   98  103  111  118  118  111  102   97
   97  101  105  104  100   93   87   82   76   70   63   59   55   53   49   46
   44   44   46   50   52   56   57   59   60   61   64   69   77   90  109  131
  153  172  187  198  210  222  234  244  252  256  257  255  248  238  226  217
  217  226  244  263  278  285  283  275  264
    30.0-180.0 180.0   5.0 450.0                            LAT/LON1/LON2/DLON/H
  293  278  255  223  187  154  126  107   98  101  111  120  124  121  113  106
  105  109  113  113  108  100   93   87   81   74   67   61   57   53   49   45
   42   42   44   47   50   53   56   58   61   64   68   75   85   99  117  138
  159  176  189  199  209  222  236  250  261  268  272  272  267  260  253  248
  250  260  276  294  308  313  311  303  293
    27.5-180.0 180.0   5.0 450.0                            LAT/LON1/LON2/DLON/H
  331  318  295  260  220  181  147  120  103  100  107  118  125  123  116  109
  107  110  113  112  107   98   92   87   83   76   70   65   59   54   49   45
   43   43   44   46   49   52   55   59   62   66   72   80   92  106  125  144
  163  178  188  197  207  220  237  255  270  281  288  290  290  288  286  286
  291  302  316  331  342  345  344  338  331
    25.0-180.0 180.0   5.0 450.0                            LAT/LON1/LON2/DLON/H
  378  369  347  310  265  220  180  145  119  107  107  114  120  120  113  106
  102  104  107  105  100   91   87   84   82   79   75   70   66   59   53   49
   47   47   47   48   50   52   55   59   62   67   74   84   97  113  131  150
  166  179  188  194  204  219  239  259  278  293  304  311  315  318  321  328
  336  347  358  370  378  382  382  380  378
    22.5-180.0 180.0   5.0 450.0                            LAT/LON1/LON2/DLON/H
  429  426  408  370  319  270  226  186  150  127  116  116  117  115  109  103
   99   99  100   98   92   84   82   83   85   86   85   82   78   71   63   58
   56   55   54   53   53   54   57   60   63   67   74   87  103  120  138  156
  171  182  188  195  205  221  242  266  289  307  321  331  339  347  357  368
  378  388  398  407  414  418  421  425  429
    20.0-180.0 180.0   5.0 450.0                            LAT/LON1/LON2/DLON/H
  478  484  470  432  379  329  285  242  198  163  141  129  124  119  113  107
  102  101  101   98   91   85   84   89   96  100  102  101   97   88   78   71
   67   66   63   59   57   58   60   62   63   66   75   90  109  128  146  163
  177  187  194  199  210  226  249  274  299  321  338  350  361  372  386  400
  412  421  429  436  442  449  456  467  478
    17.5-180.0 180.0   5.0 450.0                            LAT/LON1/LON2/DLON/H
  518  532  524  488  437  390  351  309  261  217  182  160  147  139  133  126
  121  117  115  111  103   98   99  106  115  122  125  125  120  110   96   87
   81   78   73   67   64   63   63   64   64   66   76   93  115  136  155  172
  186  196  202  209  220  237  260  285  310  333  352  365  377  390  405  421
  432  440  446  452  460  469  481  498  518
    15.0-180.0 180.0   5.0 450.0                            LAT/LON1/LON2/DLON/H
  540  562  561  529  482  442  412  377  331  283  241  210  190  179  172  166
  159  152  146  140  131  126  127  135  143  148  152  152  147  134  117  104
   96   91   84   76   71   69   68   66   65   67   77   97  122  145  164  181
  195  206  214  221  233  249  271  295  319  342  360  373  385  397  413  428
  438  443  449  455  464  476  492  514  540
    12.5-180.0 180.0   5.0 450.0                            LAT/LON1/LON2/DLON/H
  541  567  574  549  508  477  459  434  396  351  308  274  252  240  233  226
  217  207  196  185  175  169  169  173  177  178  179  178  172  157  138  121
  111  103   95   86   78   75   72   69   67   69   81  104  130  154  174  190
  204  216  224  232  245  261  281  302  323  344  361  373  383  395  409  422
  430  434  438  446  456  469  487  511  541
    10.0-180.0 180.0   5.0 450.0                            LAT/LON1/LON2/DLON/H
  521  550  560  543  512  491  483  471  444  408  370  339  320  311  306  300
  289  275  257  241  227  219  216  214  211  206  202  200  192  177  155  137
  126  116  106   95   86   81   77   73   71   74   87  112  140  164  183  199
  212  222  232  241  254  270  287  304  321  338  353  363  372  381  395  406
  413  415  419  427  439  453  470  493  521
     7.5-180.0 180.0   5.0 450.0                            LAT/LON1/LON2/DLON/H
  489  515  529  518  495  481  481  479  466  442  416  394  380  376  375  371
  359  341  318  296  279  269  262  252  239  227  219  214  207  191  171  152
  139  129  116  104   94   87   82   78   76   80   96  122  150  173  191  205
  216  226  235  245  258  273  287  300  312  326  338  346  353  362  374  386
  392  395  398  407  418  432  446  464  489
     5.0-180.0 180.0   5.0 450.0                            LAT/LON1/LON2/DLON/H
  452  474  489  484  467  456  458  462  458  449  436  425  420  422  425  423
  412  392  364  337  318  307  296  278  256  238  226  221  215  201  182  164
  151  139  127  113  102   94   87   83   83   89  106  132  161  183  198  209
  218  226  234  243  256  270  282  291  299  309  319  326  332  341  354  367
  375  379  382  390  401  412  422  434  452
     2.5-180.0 180.0   5.0 450.0                            LAT/LON1/LON2/DLON/H
  421  438  451  451  437  427  426  429  431  431  429  428  430  435  441  442
  432  412  383  354  334  323  311  288  261  238  226  221  217  206  190  173
  160  148  135  122  109  100   92   89   90   98  116  143  170  190  202  210
  217  222  228  237  249  262  273  279  284  292  300  307  314  325  340  356
  368  374  378  386  395  403  407  411  421
