proto/tests/data/igsg0010.16i
     1.0            IONOSPHERE MAPS     MIX                 IONEX VERSION / TYPE
cmpcmb v1.2          GRL/UWM            16-jan-16 06:06     PGM / RUN BY / DATE 
ionex file containing IGS COMBINED Ionosphere maps          COMMENT             
global ionosphere maps for day 001, 2016                    DESCRIPTION         
IONEX file containing the COMBINED IGS TEC MAPS and DCBs    DESCRIPTION         
      IONEX files of the following IAACs were combined: cod DESCRIPTION         
                                                        esa DESCRIPTION         
                                                        jpl DESCRIPTION         
Contact address: Andrzej Krankowski                         DESCRIPTION
                 Geodynamics Research Laboratory            DESCRIPTION
                 University of Warmia and Mazury (GRL/UWM)  DESCRIPTION
                 Oczapowski St. 1                           DESCRIPTION
                 10-957-Olsztyn, POLAND                     DESCRIPTION
                 e-mail:  kand@uwm.edu.pl                   DESCRIPTION
                                                            DESCRIPTION         
  2016     1     1     0     0     0                        EPOCH OF FIRST MAP  
  2016     1     2     0     0     0                        EPOCH OF LAST MAP   
  7200                                                      INTERVAL            
    13                                                      # OF MAPS IN FILE   
  COSZ                                                      MAPPING FUNCTION    
     0.0                                                    ELEVATION CUTOFF    
combined TEC calculated as weighted mean of input TEC valuesOBSERVABLES USED    
   346                                                      # OF STATIONS       
    31                                                      # OF SATELLITES     
  6371.0                                                    BASE RADIUS         
     2                                                      MAP DIMENSION       
   450.0 450.0   0.0                                        HGT1 / HGT2 / DHGT  
    87.5 -87.5  -2.5                                        LAT1 / LAT2 / DLAT  
  -180.0 180.0   5.0                                        LON1 / LON2 / DLON  
    -1                                                      EXPONENT            
TEC values in 0.1 tec units;  9999, if no value available   COMMENT             
DCB values in nanoseconds, reference is Sum_of_SatDCBs = 0  COMMENT             
                                                            END OF HEADER       
[from data line 5148]
    13                                                      START OF TEC MAP    
  2016     1     2     0     0     0                        EPOCH OF CURRENT MAP
    87.5-180.0 180.0   5.0 450.0                            LAT/LON1/LON2/DLON/H
   37   38   38   38   39   39   39   39   39   40   40   40   41   41   41   41
   41   41   41   41   41   41   40   40   40   39   39   38   38   38   37   37
   37   37   37   36   36   36   36   36   36   36   36   36   36   36   36   37
   37   37   37   37   37   37   37   37   36   36   36   36   36   36   36   36
   36   36   36   36   36   36   37   37   37
    85.0-180.0 180.0   5.0 450.0                            LAT/LON1/LON2/DLON/H
   35   35   36   37   38   39   40   41   42   43   43   44   45   45   46   46
   46   46   45   45   44   44   43   42   41   40   39   38   37   37   35   35
   34   34   33   34   33   33   34   34   34   35   35   35   36   36   37   37
   37   37   37   37   37   36   36   36   35   35   35   34   33   33   33   33
   33   32   33   33   33   33   34   34   35
    82.5-180.0 180.0   5.0 450.0                            LAT/LON1/LON2/DLON/H
   33   34   35   37   38   39   40   42   44   45   47   48   49   50   50   51
   51   50   50   49   49   47   46   44   43   41   39   37   36   35   33   32
   31   31   30   30   30   30   31   32   33   34   34   35   36   38   38   38
   39   39   39   38   38   37   37   36   34   34   32   31   31   30   29   29
   29   29   29   29   30   31   31   32   33
    80.0-180.0 180.0   5.0 450.0                            LAT/LON1/LON2/DLON/H
   33   34   36   37   39   41   42   44   46   48   50   51   53   54   55   55
   55   54   53   53   51   50   48   46   43   41   39   37   35   33   31   30
   29   28   28   28   28   29   30   31   33   34   36   37   38   39   41   41
   41   41   41   40   39   38   36   34   33   31   29   28   27   26   26   26
   26   26   27   28   28   30   31   32   33
    77.5-180.0 180.0   5.0 450.0                            LAT/LON1/LON2/DLON/H
   38   39   41   42   43   45   47   48   50   52   53   54   56   57   57   57
   57   56   55   54   52   50   48   46   44   42   39   37   35   33   31   30
   29   28   28   29   29   30   31   32   34   36   37   39   40   42   42   43
   43   42   42   40   39   37   34   32   30   28   26   25   24   23   23   24
   24   26   27   29   31   32   34   36   38
    75.0-180.0 180.0   5.0 450.0                            LAT/LON1/LON2/DLON/H
   47   48   49   50   51   53   54   55   56   57   57   58   59   58   58   57
   56   55   53   52   50   48   47   45   43   41   39   38   36   34   33   32
   31   31   30   31   31   32   33   34   36   37   39   41   42   43   43   43
   43   42   41   39   37   34   32   28   26   24   23   21   21   21   22   23
   26   28   31   33   37   39   42   44   47
    72.5-180.0 180.0   5.0 450.0                            LAT/LON1/LON2/DLON/H
   59   61   62   63   63   63   63   64   63   63   63   62   61   60   58   56
   53   51   49   48   46   45   43   43   41   40   40   38   38   36   35   34
   34   33   33   33   34   34   35   36   37   39   40   41   42   42   42   42
   41   39   38   35   33   31   28   25   23   21   19   19   20   21   23   26
   29   33   37   41   45   50   53   57   59
    70.0-180.0 180.0   5.0 450.0                            LAT/LON1/LON2/DLON/H
   74   75   77   77   77   76   75   74   73   72   70   68   65   61   57   54
   50   47   44   42   41   40   40   39   39   39   38   38   38   38   37   37
   35   35   35   35   35   35   36   36   37   38   38   39   39   39   38   38
   37   35   34   32   29   27   25   22   20   19   18   19   21   23   26   30
   35   40   45   50   56   61   67   71   74
    67.5-180.0 180.0   5.0 450.0                            LAT/LON1/LON2/DLON/H
   88   90   91   91   90   88   87   85   83   81   78   74   69   64   58   52
   47   43   40   38   36   36   36   36   36   37   37   37   37   37   37   36
   35   34   34   34   34   34   34   34   34   34   34   35   34   34   33   32
   31   30   29   27   25   24   22   21   19   19   19   21   24   27   31   36
   42   47   53   60   66   73   79   84   88
    65.0-180.0 180.0   5.0 450.0                            LAT/LON1/LON2/DLON/H
  100  102  103  102  102   99   98   96   93   91   87   82   75   68   60   53
   47   41   37   35   34   33   33   33   33   33   34   35   35   35   34   33
   32   30   30   30   30   29   30   30   29   29   29   29   29   28   27   26
   26   25   24   24   24   23   22   21   21   21   23   25   29   34   39   45
   51   56   62   68   76   83   90   95  100
    62.5-180.0 180.0   5.0 450.0                            LAT/LON1/LON2/DLON/H
  108  111  112  112  110  108  106  104  102   99   95   89   82   74   65   57
   49   43   38   35   33   33   32   31   30   31   30   31   30   30   29   28
   26   25   24   24   23   24   24   23   23   23   23   23   23   22   22   21
   21   21   21   22   23   23   24   23   24   24   27   31   36   42   48   54
   60   65   71   77   84   91   98  104  108
    60.0-180.0 180.0   5.0 450.0                            LAT/LON1/LON2/DLON/H
  116  118  120  119  117  115  113  111  109  106  102   96   89   81   72   63
   54   47   42   38   36   34   32   31   29   28   27   27   26   26   24   23
   20   19   18   18   18   19   19   19   18   18   19   19   19   19   19   18
   19   19   20   22   24   25   26   26   27   29   32   37   43   51   58   64
   70   75   81   86   92   99  106  112  116
    57.5-180.0 180.0   5.0 450.0                            LAT/LON1/LON2/DLON/H
  124  126  127  126  124  121  119  117  114  112  107  102   96   88   80   71
   63   55   48   44   40   37   34   31   28   25   24   23   23   23   21   19
   17   15   14   14   15   16   16   16   16   16   17   17   18   18   18   18
   18   19   21   24   27   29   30   30   30   32   37   43   51   59   68   75
   81   86   92   97  103  109  114  120  124
    55.0-180.0 180.0   5.0 450.0                            LAT/LON1/LON2/DLON/H
  134  136  137  136  133  130  126  123  119  116  112  107  102   95   89   81
   72   63   56   50   45   40   36   32   27   24   22   22   23   23   21   20
   17   14   14   15   16   17   17   18   17   18   18   19   20   20   20   20
   21   22   24   27   30   33   33   33   33   35   40   47   57   67   76   85
   92   99  105  111  117  122  127  130  134
    52.5-180.0 180.0   5.0 450.0                            LAT/LON1/LON2/DLON/H
  148  150  151  149  146  141  135  130  126  121  117  112  107  102   97   89
   80   71   62   55   48   43   39   33   28   25   23   23   25   26   25   23
   20   18   17   19   20   22   22   22   22   22   23   24   25   25   25   25
   25   26   28   31   35   37   37   36   36   38   43   52   63   74   85   94
  103  112  120  128  135  140  143  146  148
    50.0-180.0 180.0   5.0 450.0                            LAT/LON1/LON2/DLON/H
  166  168  169  167  162  155  149  141  135  128  121  116  111  107  103   97
   88   78   67   58   51   45   40   35   30   27   26   27   29   31   31   29
   26   25   25   27   29   30   30   28   28   29   30   31   32   32   32   31
   31   31   33   36   40   41   41   40   39   41   47   57   69   81   92  103
  114  125  137  148  156  160  162  164  166
    47.5-180.0 180.0   5.0 450.0                            LAT/LON1/LON2/DLON/H
  186  189  190  188  182  174  164  155  146  137  128  120  115  112  108  103
   94   82   70   60   52   47   42   38   34   31   30   31   34   36   36   35
   33   33   34   36   38   39   38   37   36   36   37   39   40   40   40   39
   38   38   39   42   45   47   46   44   43   46   52   63   76   89  100  111
  124  138  153  166  176  181  182  184  186
    45.0-180.0 180.0   5.0 450.0                            LAT/LON1/LON2/DLON/H
  205  209  212  209  202  192  182  171  160  148  136  126  120  116  113  107
   97   85   72   61   54   48   45   41   38   35   34   35   37   39   39   39
   38   39   41   44   46   47   46   44   43   44   46   48   49   49   48   47
   46   46   46   49   51   53   52   51   50   52   60   72   85   97  108  119
  132  148  166  183  194  199  200  201  205
    42.5-180.0 180.0   5.0 450.0                            LAT/LON1/LON2/DLON/H
  219  226  229  228  220  210  198  187  174  160  146  134  126  121  117  111
  101   88   75   64   56   52   49   46   42   39   37   37   37   38   39   40
   41   43   46   49   51   52   51   50   49   52   55   57   58   57   56   56
   55   54   55   56   58   59   59   58   58   62   70   82   95  107  117  127
  140  156  176  194  206  211  213  214  219
    40.0-180.0 180.0   5.0 450.0                            LAT/LON1/LON2/DLON/H
  228  236  240  239  232  221  211  200  187  172  157  143  133  127  121  115
  105   92   79   69   62   57   54   51   47   43   40   38   37   36   36   38
   41   45   48   51   53   54   54   54   56   58   62   65   66   65   64   64
   64   64   63   63   65   66   67   67   68   73   82   95  107  118  126  134
  146  162  181  200  213  217  219  221  228
    37.5-180.0 180.0   5.0 450.0                            LAT/LON1/LON2/DLON/H
  230  238  243  242  235  227  218  209  198  184  168  154  143  135  128  120
  111  100   88   77   70   65   61   57   51   47   43   39   37   34   34   37
   41   45   49   51   53   54   56   58   61   66   70   73   73   71   71   72
   72   72   71   70   71   72   74   75   79   85   95  107  119  129  135  142
  152  166  184  202  214  218  220  223  230
    35.0-180.0 180.0   5.0 450.0                            LAT/LON1/LON2/DLON/H
  229  236  240  238  232  225  220  214  206  193  179  164  153  144  136  128
  119  110   99   89   81   74   68   62   55   51   48   44   40   36   35   39
   44   49   52   53   54   56   59   62   67   73   79   81   80   77   77   78
   80   79   78   76   75   77   79   83   88   96  107  119  130  139  145  150
  158  171  187  202  214  219  221  224  229
    32.5-180.0 180.0   5.0 450.0                            LAT/LON1/LON2/DLON/H
  232  235  235  232  225  221  219  216  211  200  188  175  164  154  145  137
  129  121  113  104   93   84   74   66   60   58   57   55   51   46   45   49
   55   60   61   60   59   60   63   68   74   81   87   89   85   82   80   82
   84   84   81   78   76   78   82   87   95  104  116  128  139  148  154  159
  166  177  191  206  217  223  226  229  232
    30.0-180.0 180.0   5.0 450.0                            LAT/LON1/LON2/DLON/H
  243  242  237  231  223  219  219  219  216  206  195  184  174  164  154  145
  140  135  128  117  105   92   79   70   65   67   71   73   70   65   65   69
   76   80   78   73   69   68   71   76   81   88   93   94   89   84   83   84
   86   85   82   77   76   77   82   88   98  110  123  136  146  155  163  169
  176  186  199  214  227  236  241  243  243
    27.5-180.0 180.0   5.0 450.0                            LAT/LON1/LON2/DLON/H
  268  261  252  242  233  229  228  228  223  212  201  191  183  172  162  155
  150  147  141  130  115   98   85   75   74   82   93   99   97   93   92   97
  105  108  103   93   84   80   81   84   89   94   98   97   91   85   83   83
   84   82   78   74   72   74   79   88  100  115  129  142  152  162  171  180
  189  199  213  229  245  259  268  271  268
    25.0-180.0 180.0   5.0 450.0                            LAT/LON1/LON2/DLON/H
  308  297  284  271  261  255  253  248  237  222  207  197  190  180  169  162
  159  157  152  139  122  104   90   84   88  103  121  131  131  126  126  131
  140  142  133  116  102   94   92   92   94   97  100   97   90   83   80   80
   79   77   73   69   68   69   76   86  101  118  135  147  158  169  181  193
  203  214  230  249  270  290  305  311  308
    22.5-180.0 180.0   5.0 450.0                            LAT/LON1/LON2/DLON/H
  356  345  332  319  310  303  295  282  261  236  216  204  196  186  175  168
  165  164  159  146  128  110  100   99  110  130  151  165  166  161  158  164
  174  175  160  137  118  106  101   99   98   98   99   95   87   80   75   74
   72   69   65   63   62   65   71   84  102  122  140  154  165  176  191  206
  219  232  250  272  299  326  347  358  356
    20.0-180.0 180.0   5.0 450.0                            LAT/LON1/LON2/DLON/H
  405  398  388  380  375  369  354  329  294  258  230  214  204  194  182  174
  171  170  164  151  133  119  114  121  138  161  184  196  196  188  184  189
  199  199  180  152  127  113  107  103   99   97   95   90   82   74   69   67
   64   61   57   57   58   61   69   83  104  127  147  161  173  186  202  219
  234  249  269  295  327  360  388  403  405
    17.5-180.0 180.0   5.0 450.0                            LAT/LON1/LON2/DLON/H
  445  444  442  442  446  443  423  385  336  287  250  228  216  205  191  182
  178  175  169  157  142  133  135  150  171  194  212  219  215  203  196  201
  209  208  187  155  130  116  110  105  100   95   91   85   76   69   64   60
   57   53   51   52   55   58   66   83  106  132  153  168  181  196  213  232
  248  265  287  317  351  388  419  439  445
    15.0-180.0 180.0   5.0 450.0                            LAT/LON1/LON2/DLON/H
  471  477  483  494  508  512  489  443  381  321  275  248  233  219  205  194
  187  184  177  166  156  153  163  184  206  222  231  230  219  203  193  195
  204  201  179  149  125  114  110  106  101   94   88   80   72   64   59   55
   51   48   47   49   52   57   65   84  110  137  160  176  189  205  224  243
  260  278  302  333  369  406  438  460  471
    12.5-180.0 180.0   5.0 450.0                            LAT/LON1/LON2/DLON/H
  479  491  506  528  552  563  541  490  422  356  306  275  256  241  225  212
  203  197  189  181  176  179  197  220  237  242  238  227  209  190  177  177
  184  182  164  138  119  112  111  108  103   96   88   79   70   62   56   52
   49   45   45   47   51   56   66   85  113  141  164  181  196  213  233  251
  269  288  313  344  378  412  443  464  479
    10.0-180.0 180.0   5.0 450.0                            LAT/LON1/LON2/DLON/H
  474  488  508  537  570  588  571  521  455  388  337  305  284  267  250  235
  225  216  208  203  203  212  233  254  261  252  234  213  190  168  155  153
  160  161  148  129  116  113  114  113  108  101   92   82   71   62   57   53
   49   46   46   48   51   56   66   87  116  143  166  183  199  218  237  257
  275  295  320  350  381  411  437  458  474
     7.5-180.0 180.0   5.0 450.0                            LAT/LON1/LON2/DLON/H
  461  476  496  528  564  586  575  533  474  414  368  337  315  297  280  265
  253  242  233  230  235  249  269  282  275  252  222  193  169  150  138  137
  144  147  141  130  122  120  121  120  116  109   99   88   76   66   60   57
   53   50   49   50   52   57   68   90  118  144  165  182  199  220  240  259
  278  300  325  352  379  404  427  446  461
     5.0-180.0 180.0   5.0 450.0                            LAT/LON1/LON2/DLON/H
  447  461  480  509  544  566  561  529  482  433  395  367  348  330  313  298
  285  272  264  263  270  285  300  303  283  246  209  179  158  143  135  136
  143  150  150  144  138  135  133  131  127  120  110   97   84   74   67   64
   60   58   55   55   55   59   71   93  120  144  162  179  198  218  239  259
  279  302  328  353  376  396  416  433  447
     2.5-180.0 180.0   5.0 450.0                            LAT/LON1/LON2/DLON/H
  439  450  465  490  521  541  541  519  484  447  418  396  378  362  347  332
  319  306  297  298  306  317  324  315  283  240  202  176  162  155  152  154
  163  172  177  172  163  155  148  142  137  131  120  108   95   84   77   74
   71   67   63   60   59   63   76   98  124  144  160  176  195  217  237  257
  279  304  330  353  372  390  408  425  439
