proto/tests/data/igsg0010.16i
     1.0            IONOSPHERE MAPS     MIX                 IONEX VERSION / TYPE
cmpcmb v1.2          GRL/UWM            16-jan-16 06:06     PGM / RUN BY / DATE 
ionex file containing IGS COMBINED Ionosphere maps          COMMENT             
global ionosphere maps for day 001, 2016                    DESCRIPTION         
IONEX file containing the COMBINED IGS TEC MAPS and DCBs    DESCRIPTION         
      IONEX files of the following IAACs were combined: cod DESCRIPTION         
                                                        esa DESCRIPTION         
                                                        jpl DESCRIPTION         
Contact address: Andrzej Krankowski                         DESCRIPTION
                 Geodynamics Research Laboratory            DESCRIPTION
                 University of Warmia and Mazury (GRL/UWM)  DESCRIPTION
                 Oczapowski St. 1                           DESCRIPTION
                 10-957-Olsztyn, POLAND                     DESCRIPTION
                 e-mail:  kand@uwm.edu.pl                   DESCRIPTION
                                                            DESCRIPTION         
  2016     1     1     0     0     0                        EPOCH OF FIRST MAP  
  2016     1     2     0     0     0                        EPOCH OF LAST MAP   
  7200                                                      INTERVAL            
    13                                                      # OF MAPS IN FILE   
  COSZ                                                      MAPPING FUNCTION    
     0.0                                                    ELEVATION CUTOFF    
combined TEC calculated as weighted mean of input TEC valuesOBSERVABLES USED    
   346                                                      # OF STATIONS       
    31                                                      # OF SATELLITES     
  6371.0                                                    BASE RADIUS         
     2                                                      MAP DIMENSION       
   450.0 450.0   0.0                                        HGT1 / HGT2 / DHGT  
    87.5 -87.5  -2.5                                        LAT1 / LAT2 / DLAT  
  -180.0 180.0   5.0                                        LON1 / LON2 / DLON  
    -1                                                      EXPONENT            
TEC values in 0.1 tec units;  9999, if no value available   COMMENT             
DCB values in nanoseconds, reference is Sum_of_SatDCBs = 0  COMMENT             
                                                            END OF HEADER       
[from data line 3861]
    10                                                      START OF TEC MAP    
  2016     1     1    18     0     0                        EPOCH OF CURRENT MAP
    87.5-180.0 180.0   5.0 450.0                            LAT/LON1/LON2/DLON/H
   43   43   43   43   43   43   43   43   43   43   43   43   43   43   43   43
   43   43   43   44   44   44   44   44   45   45   45   46   46   47   47   47
   48   48   48   48   49   49   49   50   50   50   50   50   50   50   51   51
   51   50   51   51   51   50   50   50   49   49   49   48   48   48   47   47
   46   46   45   45   45   44   44   44   43
    85.0-180.0 180.0   5.0 450.0                            LAT/LON1/LON2/DLON/H
   36   36   36   35   35   35   36   36   36   36   36   36   36   36   37   37
   38   38   38   38   38   39   39   40   40   40   41   41   42   42   43   44
   44   45   46   47   47   47   48   49   49   49   49   50   49   50   50   50
   50   50   50   50   50   49   49   49   48   48   47   46   45   45   44   43
   42   41   40   39   38   38   37   37   36
    82.5-180.0 180.0   5.0 450.0                            LAT/LON1/LON2/DLON/H
   28   28   28   28   28   28   29   29   29   30   31   31   32   32   33   33
   33   33   33   33   33   34   33   34   34   34   35   36   36   37   38   39
   40   41   42   42   43   44   44   45   45   45   45   45   45   46   46   46
   46   46   46   46   46   46   45   45   45   44   43   43   42   40   40   38
   36   35   34   33   31   30   29   29   28
    80.0-180.0 180.0   5.0 450.0                            LAT/LON1/LON2/DLON/H
   21   21   20   21   21   22   22   23   25   25   26   27   28   29   30   30
   30   31   31   31   31   30   30   30   30   30   30   31   31   32   33   35
   35   36   37   38   39   39   40   40   40   39   39   39   39   38   38   39
   39   39   39   39   40   40   41   41   41   41   40   39   38   37   35   34
   32   30   28   26   25   23   22   21   21
    77.5-180.0 180.0   5.0 450.0                            LAT/LON1/LON2/DLON/H
   19   18   18   18   17   18   19   20   21   23   24   26   27   29   30   31
   31   32   32   32   32   31   31   30   30   29   29   29   29   30   31   31
   32   33   34   35   35   35   35   34   34   34   33   32   31   30   30   30
   30   30   31   31   33   34   35   36   37   37   37   37   36   35   33   32
   29   27   25   23   21   19   19   19   19
    75.0-180.0 180.0   5.0 450.0                            LAT/LON1/LON2/DLON/H
   19   18   18   18   17   16   17   19   20   23   25   26   29   31   33   35
   36   37   38   38   38   37   36   35   34   33   32   31   30   31   30   30
   31   31   31   31   31   31   30   29   29   27   26   25   24   23   22   22
   22   23   23   24   26   28   30   32   33   35   35   36   35   34   33   31
   30   27   25   22   20   20   19   19   19
    72.5-180.0 180.0   5.0 450.0                            LAT/LON1/LON2/DLON/H
   19   18   18   17   17   16   18   19   21   24   27   30   33   36   39   41
   43   45   47   48   49   48   47   45   43   41   39   37   35   34   33   32
   31   30   29   28   27   27   26   25   24   23   22   20   19   17   17   16
   16   17   18   20   22   25   27   30   32   34   35   36   36   36   35   34
   32   29   27   24   22   20   19   19   19
    70.0-180.0 180.0   5.0 450.0                            LAT/LON1/LON2/DLON/H
   20   19   18   18   18   19   20   22   24   27   31   34   38   42   46   49
   53   56   60   63   64   64   63   60   58   54   50   46   43   40   37   35
   32   30   28   25   24   22   22   21   21   20   19   18   16   15   14   14
   13   14   16   18   20   23   26   28   31   33   35   37   37   38   37   36
   35   33   31   28   26   24   22   21   20
    67.5-180.0 180.0   5.0 450.0                            LAT/LON1/LON2/DLON/H
   24   23   22   21   21   22   23   25   28   31   35   40   45   49   53   58
   63   69   75   79   83   84   83   79   74   69   63   58   52   48   43   39
   35   31   27   23   20   18   18   18   18   19   18   17   17   15   14   13
   13   14   16   18   21   23   26   29   31   33   36   37   38   39   39   38
   37   36   34   32   31   29   27   25   24
    65.0-180.0 180.0   5.0 450.0                            LAT/LON1/LON2/DLON/H
   28   26   25   25   24   24   25   28   32   37   42   47   52   56   61   67
   74   82   90   98  103  105  103   99   93   85   78   70   62   56   50   44
   38   32   26   21   17   15   15   16   17   19   19   19   18   17   16   16
   16   17   19   21   23   25   27   29   30   32   34   35   36   38   38   38
   38   37   37   35   34   32   31   29   28
    62.5-180.0 180.0   5.0 450.0                            LAT/LON1/LON2/DLON/H
   30   29   28   27   26   26   28   32   36   42   48   55   60   66   71   77
   85   95  106  116  123  125  124  118  111  101   91   81   73   65   58   51
   43   35   28   20   16   13   13   15   18   20   22   22   21   20   19   19
   20   22   24   26   27   28   28   29   29   31   32   33   34   35   35   35
   36   36   36   36   35   34   33   32   30
    60.0-180.0 180.0   5.0 450.0                            LAT/LON1/LON2/DLON/H
   32   31   29   28   28   29   31   36   42   50   57   64   71   76   82   88
   97  108  120  131  140  143  141  136  127  115  104   92   82   74   68   60
   52   42   32   23   17   14   14   16   19   23   24   25   24   24   23   23
   24   26   28   30   30   30   29   28   28   29   29   30   30   31   31   32
   32   33   34   35   35   36   34   34   32
    57.5-180.0 180.0   5.0 450.0                            LAT/LON1/LON2/DLON/H
   33   32   31   30   31   32   36   42   50   58   68   76   84   89   94  100
  108  119  131  143  152  157  155  149  139  127  114  102   92   85   78   71
   62   51   39   29   21   18   17   20   23   26   28   27   27   26   25   26
   28   30   32   32   32   30   29   28   27   27   27   28   28   28   28   29
   30   31   32   34   35   36   36   35   33
    55.0-180.0 180.0   5.0 450.0                            LAT/LON1/LON2/DLON/H
   36   34   33   34   36   39   44   51   60   70   80   90   98  103  108  113
  120  130  140  152  161  165  165  159  149  137  123  111  102   95   90   83
   74   62   49   38   29   24   23   25   28   30   30   30   28   28   27   29
   31   33   34   34   33   31   29   28   27   27   28   29   29   29   29   29
   29   30   32   34   36   37   38   37   36
    52.5-180.0 180.0   5.0 450.0                            LAT/LON1/LON2/DLON/H
   40   38   39   41   44   48   55   63   73   84   95  105  113  119  123  126
  131  139  148  158  166  171  170  165  156  144  132  120  111  105  100   94
   85   73   59   47   38   32   30   31   33   34   34   33   31   30   30   31
   34   36   36   35   33   31   30   29   30   31   32   33   34   34   34   34
   33   33   35   37   39   41   42   41   40
    50.0-180.0 180.0   5.0 450.0                            LAT/LON1/LON2/DLON/H
   45   44   45   48   54   61   69   78   89  100  112  122  130  135  138  140
  143  148  155  163  170  173  173  168  161  151  140  130  121  114  108  102
   92   80   67   55   46   41   38   38   38   38   38   36   34   33   33   35
   37   38   38   36   34   32   32   33   35   37   40   42   43   44   44   43
   42   41   41   42   44   47   47   47   45
    47.5-180.0 180.0   5.0 450.0                            LAT/LON1/LON2/DLON/H
   51   50   52   58   66   75   85   96  106  117  128  138  146  151  153  154
  155  158  164  169  173  175  174  170  164  156  148  139  130  121  114  104
   94   82   70   60   53   48   45   44   43   43   42   41   40   39   39   41
   42   43   42   40   37   36   37   40   44   48   51   54   56   58   58   56
   54   52   50   50   52   54   55   53   51
    45.0-180.0 180.0   5.0 450.0                            LAT/LON1/LON2/DLON/H
   57   56   59   66   76   89  101  113  124  134  145  154  161  165  167  168
  169  171  174  177  178  177  174  170  166  161  156  148  137  126  114  102
   89   78   69   62   56   53   51   49   48   48   48   48   47   46   47   48
   49   49   47   45   43   43   46   50   56   60   64   68   71   74   75   73
   68   64   60   58   59   61   61   59   57
    42.5-180.0 180.0   5.0 450.0                            LAT/LON1/LON2/DLON/H
   59   59   62   71   84  100  115  128  140  150  161  169  176  180  181  182
  183  185  187  187  185  180  174  169  166  164  161  154  143  129  113   97
   83   73   65   61   59   59   57   55   53   53   55   56   56   57   57   58
   59   57   55   52   51   52   57   63   69   74   78   83   88   91   92   89
   82   75   69   65   65   65   65   62   59
    40.0-180.0 180.0   5.0 450.0                            LAT/LON1/LON2/DLON/H
   58   57   62   73   89  108  126  141  153  165  174  183  190  193  195  196
  197  200  201  199  193  184  175  168  164  165  165  160  148  131  113   95
   81   72   66   64   64   65   64   62   60   60   63   65   67   68   68   68
   69   68   65   62   61   63   69   76   82   87   91   96  101  106  106  102
   94   83   74   68   66   66   64   61   58
    37.5-180.0 180.0   5.0 450.0                            LAT/LON1/LON2/DLON/H
   54   54   59   72   90  112  132  149  163  176  186  195  202  206  208  209
  212  213  214  210  201  188  175  166  162  163  166  164  154  137  118  101
   89   80   75   74   75   76   76   73   69   69   72   75   78   78   79   79
   79   77   75   72   72   75   82   89   94   98  101  106  112  117  117  112
  100   88   76   68   64   63   61   57   54
    35.0-180.0 180.0   5.0 450.0                            LAT/LON1/LON2/DLON/H
   47   47   54   67   88  112  135  153  169  183  195  205  212  216  219  221
  223  225  224  218  206  191  175  164  159  162  167  169  162  149  134  121
  112  105  100   96   95   95   93   87   82   80   81   85   87   87   87   88
   87   86   83   81   81   86   92   98  102  105  108  112  118  123  123  116
  103   88   75   65   60   58   54   50   47
    32.5-180.0 180.0   5.0 450.0                            LAT/LON1/LON2/DLON/H
   40   41   49   64   85  111  135  155  172  188  202  213  222  226  230  232
  233  233  229  221  209  193  176  163  158  162  171  177  176  170  163  157
  153  148  140  132  126  122  115  106   97   92   91   93   95   94   94   94
   93   91   89   87   89   94   99  105  107  109  110  114  120  124  123  115
  101   86   72   61   56   51   47   43   40
    30.0-180.0 180.0   5.0 450.0                            LAT/LON1/LON2/DLON/H
   36   39   48   63   84  109  133  154  173  190  207  221  230  235  238  240
  239  236  230  221  209  193  178  165  161  166  178  190  198  201  203  207
  210  206  195  180  167  155  142  127  113  104  101  100  100   99   97   97
   96   94   92   92   94   98  103  107  109  109  110  113  118  121  119  110
   97   83   69   59   53   48   44   38   36
    27.5-180.0 180.0   5.0 450.0                            LAT/LON1/LON2/DLON/H
   37   41   51   66   86  109  133  154  173  193  211  227  237  243  246  246
  243  236  227  218  207  195  182  172  170  176  192  210  226  240  253  267
  276  274  259  237  214  193  171  149  130  116  108  105  103  101   98   98
   96   94   93   94   96  101  105  107  107  107  107  110  113  115  112  104
   92   80   69   60   55   50   45   40   37
    25.0-180.0 180.0   5.0 450.0                            LAT/LON1/LON2/DLON/H
   45   50   60   75   93  114  136  156  176  196  216  234  246  252  253  252
  246  235  224  214  206  199  191  184  185  195  215  239  262  284  307  329
  344  343  323  292  260  228  197  168  144  126  115  109  105  102   99   98
   96   94   93   94   97  101  105  105  105  104  104  106  108  109  105   97
   88   78   71   65   60   56   51   47   45
    22.5-180.0 180.0   5.0 450.0                            LAT/LON1/LON2/DLON/H
   58   64   75   89  106  125  144  163  182  202  223  243  256  261  262  258
  250  237  224  214  210  207  205  204  208  222  246  274  303  330  359  386
  403  401  377  338  296  255  216  182  154  133  119  112  107  103  100   99
   97   95   94   94   97  101  103  103  102  102  102  103  104  103   98   91
   84   78   74   71   67   65   61   58   58
    20.0-180.0 180.0   5.0 450.0                            LAT/LON1/LON2/DLON/H
   72   80   93  108  124  141  158  175  192  212  234  255  268  274  273  268
  257  243  229  221  219  222  225  229  239  256  283  314  344  373  403  430
  447  442  413  368  318  271  227  190  160  138  124  116  111  107  105  102
   99   97   95   96   98  100  101  100   99  100  101  102  101   99   93   86
   81   78   77   76   75   73   71   70   72
    17.5-180.0 180.0   5.0 450.0                            LAT/LON1/LON2/DLON/H
   85   95  111  127  144  161  177  193  209  227  249  269  283  288  287  281
  270  256  243  236  237  242  250  259  273  294  323  354  383  408  433  457
  469  460  427  377  324  274  230  193  164  142  129  122  118  114  111  107
  104  100   98   97   98   99   99   97   97   98  100  101   99   95   89   83
   79   78   79   79   79   78   78   79   85
    15.0-180.0 180.0   5.0 450.0                            LAT/LON1/LON2/DLON/H
   92  107  125  145  163  182  199  214  230  249  269  289  301  305  304  299
  289  276  265  259  261  268  278  291  307  331  360  389  413  431  449  464
  471  458  421  370  317  270  229  195  168  149  138  132  128  124  120  115
  110  106  102   99   98   99   98   95   94   96   98   99   97   92   86   80
   76   75   76   77   77   77   78   83   92
    12.5-180.0 180.0   5.0 450.0                            LAT/LON1/LON2/DLON/H
   93  112  134  158  180  201  220  238  256  274  293  311  322  326  325  321
  314  304  294  289  290  297  307  321  339  363  391  416  433  442  450  457
  457  440  404  356  307  265  229  200  177  160  150  145  140  135  128  122
  116  111  105  102  100   98   96   93   92   94   96   96   94   90   83   77
   73   71   71   71   70   70   72   80   93
    10.0-180.0 180.0   5.0 450.0                            LAT/LON1/LON2/DLON/H
   88  111  137  164  191  216  239  260  281  301  320  336  345  349  348  346
  343  336  328  323  322  326  334  347  365  388  412  432  442  444  443  442
  438  421  388  345  303  267  237  210  190  175  166  159  153  145  136  127
  121  115  109  104  101   97   94   91   90   92   93   93   91   87   82   75
   70   66   65   62   59   58   62   71   88
     7.5-180.0 180.0   5.0 450.0                            LAT/LON1/LON2/DLON/H
   81  107  137  167  196  225  253  280  305  327  346  361  369  372  372  373
  372  369  364  358  352  353  359  369  384  404  425  441  446  441  435  429
  423  409  383  347  313  282  255  229  208  192  182  173  164  152  141  130
  123  118  112  107  103   98   94   90   89   90   92   91   89   85   81   75
   68   63   58   53   49   46   50   61   81
     5.0-180.0 180.0   5.0 450.0                            LAT/LON1/LON2/DLON/H
   75  103  134  166  198  230  262  294  324  349  369  382  390  393  394  397
  399  399  397  389  381  377  379  386  398  415  432  445  446  440  431  425
  420  411  394  369  339  310  281  253  228  210  197  184  170  156  143  132
  125  120  116  111  106  101   95   91   90   91   92   90   88   86   82   76
   68   61   56   49   41   37   40   53   75
     2.5-180.0 180.0   5.0 450.0                            LAT/LON1/LON2/DLON/H
   73  101  133  165  197  230  266  303  336  365  385  399  407  410  412  417
  421  424  423  415  405  397  395  399  408  422  437  447  450  444  437  433
  432  431  423  405  378  346  311  277  247  224  206  190  172  156  142  131
  126  123  121  116  111  105   99   95   94   95   94   93   91   90   87   81
   73   66   58   50   42   36   37   50   73
