proto/tests/data/igsg0010.16i
     1.0            IONOSPHERE MAPS     MIX                 IONEX VERSION / TYPE
cmpcmb v1.2          GRL/UWM            16-jan-16 06:06     PGM / RUN BY / DATE 
ionex file containing IGS COMBINED Ionosphere maps          COMMENT             
global ionosphere maps for day 001, 2016                    DESCRIPTION         
IONEX file containing the COMBINED IGS TEC MAPS and DCBs    DESCRIPTION         
      IONEX files of the following IAACs were combined: cod DESCRIPTION         
                                                        esa DESCRIPTION         
                                                        jpl DESCRIPTION         
Contact address: Andrzej Krankowski                         DESCRIPTION
                 Geodynamics Research Laboratory            DESCRIPTION
                 University of Warmia and Mazury (GRL/UWM)  DESCRIPTION
                 Oczapowski St. 1                           DESCRIPTION
                 10-957-Olsztyn, POLAND                     DESCRIPTION
                 e-mail:  kand@uwm.edu.pl                   DESCRIPTION
                                                            DESCRIPTION         
  2016     1     1     0     0     0                        EPOCH OF FIRST MAP  
  2016     1     2     0     0     0                        EPOCH OF LAST MAP   
  7200                                                      INTERVAL            
    13                                                      # OF MAPS IN FILE   
  COSZ                                                      MAPPING FUNCTION    
     0.0                                                    ELEVATION CUTOFF    
combined TEC calculated as weighted mean of input TEC valuesOBSERVABLES USED    
   346                                                      # OF STATIONS       
    31                                                      # OF SATELLITES     
  6371.0                                                    BASE RADIUS         
     2                                                      MAP DIMENSION       
   450.0 450.0   0.0                                        HGT1 / HGT2 / DHGT  
    87.5 -87.5  -2.5                                        LAT1 / LAT2 / DLAT  
  -180.0 180.0   5.0                                        LON1 / LON2 / DLON  
    -1                                                      EXPONENT            
TEC values in 0.1 tec units;  9999, if no value available   COMMENT             
DCB values in nanoseconds, reference is Sum_of_SatDCBs = 0  COMMENT             
                                                            END OF HEADER       
[from data line 4290]
    11                                                      START OF TEC MAP    
  2016     1     1    20     0     0                        EPOCH OF CURRENT MAP
    87.5-180.0 180.0   5.0 450.0                            LAT/LON1/LON2/DLON/H
   32   32   32   32   32   32   32   32   33   33   34   34   35   35   35   36
   36   37   38   38   39   39   40   40   41   41   42   42   43   43   43   43
   44   44   44   44   44   44   44   44   44   44   44   43   43   43   42   42
   42   41   41   40   40   39   39   39   38   38   37   37   36   36   35   35
   34   34   33   33   33   32   32   32   32
    85.0-180.0 180.0   5.0 450.0                            LAT/LON1/LON2/DLON/H
   26   26   25   26   26   26   27   27   28   29   30   31   32   33   34   35
   36   37   38   39   39   40   42   42   43   44   44   45   46   47   47   48
   49   49   49   49   49   49   49   49   49   49   48   47   46   46   45   44
   44   43   42   42   41   40   40   39   38   38   36   35   35   34   33   32
   31   30   30   29   28   28   27   27   26
    82.5-180.0 180.0   5.0 450.0                            LAT/LON1/LON2/DLON/H
   22   22   21   21   22   22   23   24   25   26   27   29   31   32   33   35
   36   37   39   40   41   42   43   43   44   45   46   46   47   48   49   50
   51   51   52   53   53   53   53   52   51   51   50   49   48   47   45   44
   43   42   42   41   40   40   40   39   38   38   36   35   34   33   32   31
   30   28   27   26   25   24   23   23   22
    80.0-180.0 180.0   5.0 450.0                            LAT/LON1/LON2/DLON/H
   20   19   19   19   20   20   21   22   24   25   27   29   31   33   35   37
   39   40   41   42   43   43   43   44   44   45   45   45   47   47   49   50
   51   52   54   54   54   54   54   53   52   51   49   47   45   44   42   42
   40   40   39   39   39   39   39   38   39   38   37   36   35   34   33   31
   29   28   26   25   24   22   22   21   20
    77.5-180.0 180.0   5.0 450.0                            LAT/LON1/LON2/DLON/H
   20   20   20   20   20   21   22   23   24   27   29   32   34   37   40   42
   44   45   46   46   46   45   45   44   44   43   43   43   44   45   46   48
   50   51   52   53   54   53   53   51   50   48   46   43   41   39   37   36
   35   35   35   35   36   37   38   38   38   39   38   37   37   35   34   32
   30   28   27   25   24   23   22   21   20
    75.0-180.0 180.0   5.0 450.0                            LAT/LON1/LON2/DLON/H
   23   23   23   23   23   24   25   27   28   31   34   37   40   44   47   49
   51   52   52   52   51   49   48   45   43   41   40   40   40   41   42   44
   45   47   48   50   50   50   49   47   45   43   41   38   35   33   31   30
   29   30   30   32   34   35   37   38   39   39   39   39   37   36   34   32
   31   29   28   26   25   24   24   23   23
    72.5-180.0 180.0   5.0 450.0                            LAT/LON1/LON2/DLON/H
   26   27   28   28   29   30   31   33   35   38   42   45   49   53   56   58
   60   61   61   60   58   55   52   48   45   41   38   36   35   35   36   37
   39   41   43   43   44   44   43   41   39   37   34   31   29   26   25   24
   24   25   27   28   31   34   36   38   39   40   40   39   38   36   35   33
   31   30   28   27   26   26   26   26   26
    70.0-180.0 180.0   5.0 450.0                            LAT/LON1/LON2/DLON/H
   30   31   33   35   37   38   40   42   45   48   52   56   60   64   67   69
   70   71   71   70   67   63   59   54   48   43   38   34   31   30   30   30
   32   33   35   35   36   36   35   34   32   30   27   24   22   21   19   19
   20   21   24   27   30   33   36   38   39   39   39   38   37   35   34   32
   31   30   28   28   27   27   28   29   30
    67.5-180.0 180.0   5.0 450.0                            LAT/LON1/LON2/DLON/H
   33   36   39   42   45   47   50   52   56   60   64   69   73   76   79   81
   83   84   84   82   80   75   69   62   55   47   40   34   30   26   24   23
   23   24   26   26   27   27   27   26   24   23   21   19   18   17   17   17
   19   21   23   27   30   33   35   37   38   38   37   36   35   33   32   31
   30   29   29   28   28   28   29   30   33
    65.0-180.0 180.0   5.0 450.0                            LAT/LON1/LON2/DLON/H
   35   39   44   49   53   57   60   63   68   72   77   82   86   89   92   94
   96   98   99   98   95   89   82   73   63   53   45   36   30   24   20   18
   17   17   17   18   18   19   19   19   18   17   17   16   16   15   16   17
   19   22   25   28   31   34   35   36   36   36   34   33   31   30   30   29
   29   29   29   28   28   28   29   32   35
    62.5-180.0 180.0   5.0 450.0                            LAT/LON1/LON2/DLON/H
   36   42   48   55   61   65   70   74   79   84   89   94   98  102  105  108
  111  113  115  114  111  105   96   85   73   61   50   40   32   25   20   16
   13   12   12   12   12   12   14   14   14   14   15   15   16   17   18   20
   22   25   27   30   32   34   35   35   34   33   31   30   29   28   28   28
   29   29   30   30   29   29   30   33   36
    60.0-180.0 180.0   5.0 450.0                            LAT/LON1/LON2/DLON/H
   38   45   52   60   68   74   79   84   89   95  100  105  110  113  117  121
  125  128  130  129  126  119  109   96   83   70   57   46   37   30   24   19
   15   12   11   11    9   10   11   12   12   14   15   16   18   20   22   24
   26   27   30   31   33   34   34   33   32   31   29   28   27   26   27   29
   30   31   32   31   31   31   31   34   38
    57.5-180.0 180.0   5.0 450.0                            LAT/LON1/LON2/DLON/H
   42   49   58   67   75   83   89   94   99  104  109  114  119  123  127  132
  137  141  144  143  139  131  119  105   91   77   65   54   46   38   31   26
   20   17   14   13   12   12   12   14   14   15   17   19   21   23   25   27
   29   30   32   32   33   33   33   32   31   30   29   27   27   27   28   30
   33   34   35   35   34   33   34   37   42
    55.0-180.0 180.0   5.0 450.0                            LAT/LON1/LON2/DLON/H
   47   56   65   76   85   93  100  105  110  114  118  122  126  131  135  140
  146  151  154  154  149  140  126  112   97   83   72   63   56   49   42   35
   30   24   21   19   17   18   18   18   19   20   21   23   25   27   29   30
   31   32   32   33   33   33   33   32   32   31   30   30   30   30   32   34
   37   39   40   40   39   38   38   41   47
    52.5-180.0 180.0   5.0 450.0                            LAT/LON1/LON2/DLON/H
   55   65   76   88   98  107  114  118  122  125  128  130  133  137  141  147
  152  157  161  161  155  145  132  116  102   90   80   72   66   60   53   46
   39   33   29   27   26   25   25   25   25   26   27   28   30   31   32   32
   33   33   33   33   33   33   34   35   35   35   35   35   36   37   39   40
   43   44   45   45   44   44   45   48   55
    50.0-180.0 180.0   5.0 450.0                            LAT/LON1/LON2/DLON/H
   66   77   89  102  114  123  130  135  137  139  139  140  142  144  147  152
  157  162  165  165  159  149  136  120  107   96   88   81   76   69   62   54
   46   40   36   34   33   33   33   32   32   32   33   34   35   35   35   35
   35   35   35   35   35   36   37   39   41   42   43   44   45   46   47   48
   49   50   50   50   49   50   52   58   66
    47.5-180.0 180.0   5.0 450.0                            LAT/LON1/LON2/DLON/H
   78   90  104  118  131  141  149  153  156  156  155  154  153  153  155  158
  162  166  168  168  163  154  141  126  113  103   96   89   82   74   66   57
   48   42   39   38   38   39   40   39   39   39   40   41   41   40   40   39
   38   38   39   39   40   41   43   46   49   52   54   55   56   57   57   56
   56   56   55   55   54   56   60   68   78
    45.0-180.0 180.0   5.0 450.0                            LAT/LON1/LON2/DLON/H
   90  103  119  134  148  160  168  173  176  176  174  171  167  165  164  165
  167  170  172  171  168  160  148  135  123  113  104   95   85   74   63   53
   44   40   38   39   42   43   44   44   45   46   47   48   48   47   46   45
   44   45   46   47   48   50   53   56   60   63   65   68   69   69   67   65
   62   60   58   57   58   60   67   77   90
    42.5-180.0 180.0   5.0 450.0                            LAT/LON1/LON2/DLON/H
   99  114  130  146  162  176  187  194  197  198  196  192  187  182  178  176
  175  175  176  175  174  169  160  148  136  124  112   99   84   70   56   45
   38   35   36   40   43   46   48   49   50   52   55   56   57   55   54   53
   53   54   55   57   59   61   65   69   73   76   78   79   81   79   77   72
   68   63   60   58   59   64   73   85   99
    40.0-180.0 180.0   5.0 450.0                            LAT/LON1/LON2/DLON/H
  106  121  136  153  171  187  201  211  217  220  219  215  209  202  195  188
  185  182  181  180  181  180  174  164  151  136  119  101   82   64   49   39
   34   34   38   42   47   50   53   54   56   59   63   65   66   65   63   63
   64   66   68   69   71   74   78   83   85   87   89   91   91   89   84   78
   71   65   60   58   60   66   76   91  106
    37.5-180.0 180.0   5.0 450.0                            LAT/LON1/LON2/DLON/H
  109  124  139  155  174  193  210  223  233  239  241  239  232  223  212  202
  195  189  186  186  189  191  187  178  164  146  126  105   82   62   48   41
   38   41   47   52   56   59   60   61   63   66   70   74   74   74   73   73
   76   79   81   82   84   87   91   95   97   97   98  100   99   96   90   83
   74   66   60   57   60   67   79   94  109
    35.0-180.0 180.0   5.0 450.0                            LAT/LON1/LON2/DLON/H
  110  123  137  153  171  193  212  230  243  253  259  259  253  242  229  216
  204  196  192  192  196  200  198  190  174  155  134  111   89   70   58   54
   57   62   68   73   75   74   73   72   71   75   78   81   82   81   81   82
   86   90   92   93   94   97  101  105  106  105  105  105  104  100   93   85
   75   66   60   57   60   68   81   96  110
    32.5-180.0 180.0   5.0 450.0                            LAT/LON1/LON2/DLON/H
  112  123  133  147  166  188  210  230  246  260  270  273  269  257  243  226
  212  202  197  198  203  207  205  195  180  160  141  123  105   90   83   84
   90   97  103  104  102   97   91   85   82   83   85   87   87   86   86   88
   93   98  100  100  100  104  108  110  110  108  107  106  105  101   94   85
   76   67   60   58   62   71   84   98  112
    30.0-180.0 180.0   5.0 450.0                            LAT/LON1/LON2/DLON/H
  116  124  132  143  160  181  204  226  244  261  273  279  277  267  252  234
  218  208  202  203  207  210  207  195  180  164  152  142  132  124  123  129
  138  146  148  145  137  126  113  101   93   90   90   90   90   89   88   92
   96  101  103  103  102  105  109  112  110  107  105  104  101   97   91   84
   76   68   62   62   66   76   90  104  116
    27.5-180.0 180.0   5.0 450.0                            LAT/LON1/LON2/DLON/H
  124  131  136  144  159  178  199  220  239  256  270  278  279  270  256  238
  223  212  208  208  211  210  204  191  178  169  167  169  170  171  175  185
  195  200  198  188  174  155  135  116  103   96   93   92   90   88   88   91
   96  101  102  101  101  104  107  108  107  104  101   99   96   92   86   81
   75   69   66   66   72   84   99  113  124
    25.0-180.0 180.0   5.0 450.0                            LAT/LON1/LON2/DLON/H
  137  143  147  153  165  182  200  218  235  250  263  273  275  269  256  240
  226  218  214  214  213  209  199  186  177  176  188  205  218  226  236  246
  253  253  244  227  205  178  151  126  108   98   93   91   89   87   86   90
   94   98   99   97   96   99  102  103  101   97   95   93   90   85   81   76
   73   70   69   72   81   95  111  126  137
    22.5-180.0 180.0   5.0 450.0                            LAT/LON1/LON2/DLON/H
  154  162  166  171  181  195  210  224  237  248  259  267  271  267  257  243
  232  225  222  220  216  208  196  183  180  191  216  246  270  286  296  302
  303  294  278  253  222  190  157  129  109   97   92   89   87   86   86   88
   92   95   94   92   91   93   96   96   94   91   89   87   83   78   75   72
   71   70   72   78   90  106  125  142  154
    20.0-180.0 180.0   5.0 450.0                            LAT/LON1/LON2/DLON/H
  174  183  190  197  208  220  231  240  248  255  262  269  273  270  261  250
  241  236  232  228  220  208  195  186  190  212  251  292  323  341  348  346
  336  318  292  260  223  187  153  125  105   95   91   90   88   86   86   88
   91   92   91   88   87   88   90   90   88   85   84   82   78   74   70   68
   68   70   74   83   98  117  139  159  174
    17.5-180.0 180.0   5.0 450.0                            LAT/LON1/LON2/DLON/H
  192  206  218  229  240  252  261  267  272  275  279  283  284  282  274  265
  257  252  246  239  227  212  199  194  207  240  288  336  369  385  384  371
  349  319  285  247  208  171  140  116  101   95   93   93   92   90   90   91
   91   91   88   85   84   84   85   85   83   81   80   79   75   70   66   65
   66   68   75   87  105  127  151  174  192
    15.0-180.0 180.0   5.0 450.0                            LAT/LON1/LON2/DLON/H
  208  227  244  260  275  288  297  302  304  306  308  310  310  306  299  290
  282  273  264  252  237  220  209  210  231  272  325  373  403  411  401  375
  340  300  260  219  181  149  125  108  101   99  100  101   99   98   96   94
   93   90   87   83   82   82   82   81   80   78   77   76   73   68   64   62
   62   66   74   89  110  135  161  186  208
    12.5-180.0 180.0   5.0 450.0                            LAT/LON1/LON2/DLON/H
  219  243  267  288  307  323  333  339  343  346  348  349  348  344  335  325
  314  302  287  270  251  234  225  233  259  304  356  399  422  420  397  361
  316  270  227  188  155  131  116  109  108  111  114  114  111  107  103  100
   96   91   86   83   81   81   81   80   78   77   77   76   74   69   64   60
   60   63   73   91  114  140  167  194  219
    10.0-180.0 180.0   5.0 450.0                            LAT/LON1/LON2/DLON/H
  225  253  283  309  333  352  365  373  381  387  392  395  394  388  379  367
  353  336  314  291  269  252  248  260  290  334  379  413  425  413  381  337
  287  240  200  167  143  128  122  123  127  132  134  131  125  117  112  106
  100   93   86   82   81   81   81   80   79   78   78   77   74   70   65   60
   58   61   72   92  116  143  170  197  225
     7.5-180.0 180.0   5.0 450.0                            LAT/LON1/LON2/DLON/H
  227  258  291  323  350  372  388  400  412  424  434  439  439  434  424  410
  394  371  344  315  291  275  275  291  321  360  396  419  420  400  363  316
  267  223  189  166  152  146  147  151  156  159  157  149  138  128  118  111
  103   94   87   83   82   83   83   82   82   81   80   79   76   72   66   60
   57   60   73   94  120  147  172  198  227
     5.0-180.0 180.0   5.0 450.0                            LAT/LON1/LON2/DLON/H
  225  258  294  328  358  383  402  418  434  451  464  473  475  472  463  449
  430  404  373  341  316  302  305  323  351  383  409  421  415  391  353  309
  264  227  203  191  186  186  188  190  191  188  179  165  150  135  125  115
  106   97   89   85   84   85   85   86   86   85   83   81   78   74   68   62
   58   62   75   98  125  151  174  197  225
     2.5-180.0 180.0   5.0 450.0                            LAT/LON1/LON2/DLON/H
  220  252  289  326  359  385  407  426  446  466  481  492  497  497  490  478
  459  431  399  366  343  331  336  354  378  403  420  426  416  393  360  322
  284  256  242  237  238  239  236  230  223  212  196  176  157  140  129  120
  111  101   93   89   88   89   91   91   91   89   87   84   81   77   72   66
   62   67   81  106  133  156  175  195  220
